0 0.123611 0.548611 0.211111 0.262037
2 0.360764 0.601852 0.167361 0.218519
2 0.602431 0.701852 0.178472 0.242593
1 0.842708 0.708796 0.195139 0.237963
1 0.082639 0.385648 0.118056 0.137963
1 0.193750 0.389352 0.118056 0.132407
1 0.301042 0.440278 0.124306 0.156481
1 0.238194 0.289352 0.105556 0.128704
2 0.355556 0.289352 0.136111 0.176852
2 0.422222 0.181944 0.102778 0.137963
0 0.521875 0.369444 0.179861 0.225926
2 0.555556 0.247222 0.111111 0.138889
2 0.688194 0.293056 0.116667 0.126852
1 0.692708 0.516667 0.140972 0.177778
1 0.712153 0.397685 0.124306 0.137963
1 0.810417 0.355093 0.118056 0.147222
2 0.858681 0.476389 0.167361 0.191667
