0 0.160584 0.127717 0.167883 0.244565
0 0.357664 0.168478 0.175182 0.250000
0 0.538321 0.173913 0.127737 0.228261
0 0.715328 0.163043 0.138686 0.250000
0 0.888686 0.176630 0.149635 0.201087
0 0.113139 0.491848 0.145985 0.255435
0 0.313869 0.486413 0.167883 0.255435
0 0.518248 0.486413 0.160584 0.244565
0 0.718978 0.478261 0.175182 0.293478
0 0.906934 0.510870 0.156934 0.228261
0 0.151460 0.826087 0.164234 0.239130
0 0.341241 0.853261 0.135036 0.195652
0 0.520073 0.831522 0.149635 0.228261
0 0.715328 0.853261 0.138686 0.184783
0 0.903285 0.839674 0.142336 0.211957
