0 0.262295 0.621818 0.327869 0.189091
0 0.330601 0.772727 0.344262 0.156364
0 0.128415 0.901818 0.245902 0.167273
0 0.368852 0.947273 0.289617 0.105455
0 0.628415 0.869091 0.295082 0.145455
0 0.827869 0.736364 0.256831 0.163636
0 0.877049 0.900000 0.245902 0.163636
0 0.554645 0.641818 0.300546 0.178182
0 0.699454 0.527273 0.295082 0.130909
0 0.915301 0.576364 0.169399 0.134545
0 0.409836 0.505455 0.284153 0.152727
0 0.215847 0.423636 0.344262 0.163636
0 0.456284 0.374545 0.245902 0.174545
0 0.718579 0.372727 0.278689 0.141818
0 0.696721 0.249091 0.278689 0.163636
0 0.382514 0.236364 0.295082 0.145455
0 0.139344 0.278182 0.234973 0.156364
0 0.251366 0.130909 0.306011 0.152727
0 0.571038 0.132727 0.267760 0.134545
0 0.816940 0.098182 0.213115 0.123636
0 0.912568 0.183636 0.174863 0.127273
