0 0.138182 0.273224 0.123636 0.153005
0 0.120000 0.521858 0.145455 0.191257
0 0.229091 0.748634 0.160000 0.218579
0 0.269091 0.355191 0.123636 0.163934
0 0.387273 0.513661 0.141818 0.218579
0 0.294545 0.147541 0.101818 0.174863
0 0.416364 0.256831 0.105455 0.163934
0 0.487273 0.748634 0.145455 0.218579
0 0.538182 0.382514 0.109091 0.174863
0 0.649091 0.530055 0.134545 0.207650
0 0.752727 0.729508 0.145455 0.234973
0 0.907273 0.560109 0.156364 0.191257
0 0.796364 0.401639 0.123636 0.169399
0 0.547273 0.139344 0.112727 0.158470
0 0.672727 0.245902 0.101818 0.185792
0 0.807273 0.147541 0.116364 0.153005
0 0.903636 0.262295 0.105455 0.174863
