0 0.083612 0.458333 0.120401 0.190476
0 0.081940 0.663690 0.110368 0.184524
0 0.212375 0.410714 0.143813 0.214286
0 0.214047 0.571429 0.140468 0.261905
0 0.336120 0.684524 0.143813 0.250000
0 0.376254 0.252976 0.130435 0.172619
0 0.526756 0.404762 0.137124 0.273810
0 0.508361 0.625000 0.167224 0.238095
0 0.573579 0.726190 0.123746 0.238095
0 0.677258 0.238095 0.110368 0.142857
0 0.662207 0.407738 0.160535 0.220238
0 0.680602 0.627976 0.137124 0.220238
0 0.782609 0.488095 0.147157 0.214286
0 0.780936 0.690476 0.150502 0.250000
0 0.918060 0.205357 0.137124 0.220238
0 0.926421 0.383929 0.127090 0.184524
0 0.929766 0.601190 0.133779 0.202381
