0 0.458333 0.157738 0.116667 0.208333
0 0.243333 0.226190 0.126667 0.202381
0 0.068333 0.497024 0.116667 0.244048
0 0.090000 0.380952 0.146667 0.226190
0 0.240000 0.443452 0.140000 0.220238
0 0.143333 0.788690 0.173333 0.279762
0 0.265000 0.622024 0.163333 0.232143
0 0.320000 0.880952 0.146667 0.226190
0 0.375000 0.455357 0.116667 0.196429
0 0.511667 0.526786 0.170000 0.244048
0 0.403333 0.770833 0.180000 0.232143
0 0.505000 0.916667 0.190000 0.166667
0 0.548333 0.732143 0.150000 0.214286
0 0.700000 0.660714 0.166667 0.261905
0 0.798333 0.431548 0.150000 0.244048
0 0.648333 0.386905 0.170000 0.250000
0 0.690000 0.232143 0.140000 0.178571
0 0.798333 0.095238 0.143333 0.166667
0 0.920000 0.354167 0.153333 0.196429
0 0.853333 0.633929 0.160000 0.244048
0 0.815000 0.895833 0.170000 0.184524
0 0.931667 0.830357 0.136667 0.220238
0 0.560000 0.110119 0.160000 0.208333
