0 0.047970 0.677419 0.066421 0.107527
0 0.101476 0.895161 0.114391 0.145161
0 0.156827 0.744624 0.151292 0.155914
0 0.112546 0.577957 0.092251 0.112903
0 0.247232 0.478495 0.125461 0.172043
0 0.311808 0.263441 0.136531 0.161290
0 0.363469 0.672043 0.143911 0.161290
0 0.306273 0.849462 0.081181 0.139785
0 0.424354 0.836022 0.095941 0.134409
0 0.498155 0.696237 0.154982 0.177419
0 0.450185 0.462366 0.162362 0.204301
0 0.409594 0.145161 0.118081 0.129032
0 0.542435 0.258065 0.125461 0.172043
0 0.623616 0.397849 0.132841 0.193548
0 0.649446 0.094086 0.118081 0.145161
0 0.723247 0.244624 0.110701 0.166667
0 0.857934 0.365591 0.136531 0.182796
0 0.929889 0.510753 0.088561 0.118280
0 0.666052 0.647849 0.166052 0.231183
0 0.808118 0.561828 0.103321 0.134409
0 0.889299 0.693548 0.110701 0.129032
0 0.605166 0.844086 0.081181 0.086022
0 0.741697 0.870968 0.103321 0.096774
