0 0.095161 0.585890 0.151613 0.263804
0 0.138710 0.782209 0.180645 0.226994
0 0.080645 0.923313 0.135484 0.153374
0 0.212903 0.895706 0.129032 0.196319
0 0.329032 0.705521 0.174194 0.269939
0 0.353226 0.911043 0.177419 0.177914
0 0.240323 0.576687 0.151613 0.282209
0 0.379032 0.404908 0.170968 0.269939
0 0.225806 0.199387 0.141935 0.263804
0 0.508065 0.276074 0.164516 0.257669
0 0.672581 0.374233 0.209677 0.343558
0 0.501613 0.592025 0.190323 0.288344
0 0.533871 0.843558 0.196774 0.276074
0 0.716129 0.812883 0.180645 0.288344
0 0.883871 0.809816 0.180645 0.355828
0 0.837097 0.524540 0.177419 0.325153
0 0.770968 0.202454 0.154839 0.257669
0 0.909677 0.202454 0.154839 0.282209
