0 0.187273 0.319672 0.214545 0.355191
0 0.080000 0.658470 0.145455 0.300546
0 0.276364 0.633880 0.203636 0.316940
0 0.129091 0.912568 0.236364 0.174863
0 0.372727 0.907104 0.229091 0.185792
0 0.614545 0.915301 0.232727 0.169399
0 0.849091 0.928962 0.207273 0.142077
0 0.500000 0.655738 0.214545 0.295082
0 0.609091 0.341530 0.221818 0.267760
0 0.501818 0.106557 0.210909 0.191257
0 0.734545 0.101093 0.225455 0.169399
0 0.829091 0.341530 0.225455 0.344262
0 0.898182 0.688525 0.181818 0.284153
0 0.080000 0.095628 0.152727 0.180328
0 0.923636 0.120219 0.138182 0.229508
1 0.401818 0.363388 0.229091 0.355191
1 0.716364 0.699454 0.210909 0.360656
