0 0.130282 0.564972 0.183099 0.271186
0 0.105634 0.262712 0.161972 0.254237
0 0.257042 0.401130 0.169014 0.271186
0 0.406690 0.138418 0.193662 0.231638
0 0.394366 0.420904 0.140845 0.276836
0 0.267606 0.683616 0.176056 0.316384
0 0.186620 0.889831 0.190141 0.220339
0 0.367958 0.903955 0.172535 0.192090
0 0.426056 0.689266 0.161972 0.248588
0 0.589789 0.615819 0.172535 0.271186
0 0.642606 0.765537 0.179577 0.254237
0 0.540493 0.372881 0.172535 0.305085
0 0.707746 0.367232 0.169014 0.327684
0 0.593310 0.124294 0.158451 0.214689
0 0.794014 0.138418 0.214789 0.231638
0 0.878521 0.395480 0.158451 0.248588
0 0.892606 0.646893 0.186620 0.299435
0 0.765845 0.655367 0.144366 0.293785
