0 0.261842 0.199248 0.160526 0.368421
0 0.050000 0.357143 0.094737 0.443609
0 0.194737 0.548872 0.163158 0.406015
0 0.361842 0.620301 0.144737 0.428571
0 0.193421 0.857143 0.118421 0.285714
0 0.640789 0.597744 0.171053 0.353383
0 0.497368 0.770677 0.178947 0.443609
0 0.400000 0.281955 0.152632 0.368421
0 0.510526 0.372180 0.126316 0.383459
0 0.614474 0.263158 0.134211 0.330827
0 0.742105 0.169173 0.173684 0.308271
0 0.802632 0.548872 0.152632 0.390977
0 0.792105 0.845865 0.163158 0.278195
0 0.952632 0.353383 0.094737 0.466165
0 0.921053 0.725564 0.131579 0.413534
