0 0.216667 0.145833 0.126667 0.220238
0 0.236667 0.380952 0.120000 0.202381
0 0.218333 0.577381 0.130000 0.178571
0 0.296667 0.636905 0.133333 0.238095
0 0.333333 0.470238 0.140000 0.166667
0 0.371667 0.279762 0.136667 0.202381
0 0.130000 0.785714 0.113333 0.154762
0 0.081667 0.872024 0.103333 0.160714
0 0.195000 0.845238 0.103333 0.178571
0 0.478333 0.598214 0.110000 0.220238
0 0.590000 0.544643 0.126667 0.196429
0 0.515000 0.244048 0.130000 0.226190
0 0.541667 0.083333 0.116667 0.142857
0 0.623333 0.235119 0.126667 0.232143
0 0.666667 0.083333 0.120000 0.142857
0 0.848333 0.684524 0.103333 0.178571
0 0.890000 0.532738 0.100000 0.160714
