0 0.092466 0.089595 0.109589 0.167630
0 0.102740 0.297688 0.143836 0.179191
0 0.111301 0.465318 0.133562 0.190751
0 0.232877 0.615607 0.130137 0.179191
0 0.059932 0.800578 0.099315 0.190751
0 0.190068 0.817919 0.133562 0.179191
0 0.386986 0.843931 0.136986 0.173410
0 0.558219 0.679191 0.143836 0.213873
0 0.666096 0.390173 0.126712 0.225434
0 0.446918 0.514451 0.147260 0.208092
0 0.388699 0.335260 0.133562 0.208092
0 0.258562 0.291908 0.119863 0.190751
0 0.700342 0.647399 0.140411 0.219653
0 0.854452 0.546243 0.126712 0.213873
0 0.652397 0.875723 0.133562 0.190751
0 0.804795 0.358382 0.143836 0.208092
0 0.840753 0.173410 0.113014 0.208092
0 0.585616 0.216763 0.150685 0.271676
0 0.465753 0.158960 0.130137 0.213873
