0 0.140000 0.543716 0.170909 0.234973
0 0.250909 0.357923 0.138182 0.213115
0 0.325455 0.478142 0.200000 0.224044
0 0.407273 0.579235 0.167273 0.229508
0 0.247273 0.732240 0.181818 0.229508
0 0.407273 0.786885 0.203636 0.229508
0 0.609091 0.647541 0.192727 0.245902
0 0.601818 0.822404 0.178182 0.147541
0 0.567273 0.442623 0.152727 0.196721
0 0.414545 0.289617 0.160000 0.229508
0 0.609091 0.210383 0.178182 0.224044
0 0.825455 0.336066 0.174545 0.202186
0 0.712727 0.494536 0.174545 0.191257
0 0.878182 0.530055 0.149091 0.163934
0 0.820000 0.661202 0.185455 0.207650
