0 0.110039 0.219072 0.212355 0.324742
0 0.357143 0.265464 0.235521 0.273196
0 0.169884 0.510309 0.262548 0.278351
0 0.349421 0.657216 0.220077 0.293814
0 0.480695 0.422680 0.227799 0.257732
0 0.650579 0.146907 0.250965 0.262887
0 0.081081 0.775773 0.154440 0.242268
0 0.191120 0.922680 0.189189 0.144330
0 0.554054 0.775773 0.204633 0.273196
0 0.722008 0.554124 0.154440 0.221649
0 0.839768 0.427835 0.135135 0.206186
0 0.832046 0.793814 0.173745 0.247423
0 0.866795 0.659794 0.166023 0.216495
0 0.884170 0.159794 0.154440 0.226804
