0 0.080769 0.489691 0.123077 0.164948
0 0.182692 0.445876 0.096154 0.149485
0 0.169231 0.605670 0.146154 0.149485
0 0.080769 0.719072 0.146154 0.190722
0 0.217308 0.793814 0.165385 0.206186
0 0.375000 0.832474 0.180769 0.242268
0 0.342308 0.487113 0.184615 0.190722
0 0.451923 0.322165 0.211538 0.221649
0 0.636538 0.448454 0.203846 0.216495
0 0.632692 0.273196 0.165385 0.164948
0 0.451923 0.201031 0.142308 0.164948
0 0.567308 0.793814 0.180769 0.154639
0 0.473077 0.932990 0.215385 0.123711
0 0.800000 0.621134 0.169231 0.180412
0 0.744231 0.786082 0.203846 0.201031
0 0.686538 0.920103 0.173077 0.128866
0 0.934615 0.639175 0.130769 0.237113
0 0.925000 0.827320 0.150000 0.170103
