0 0.125483 0.198454 0.196911 0.211340
0 0.142857 0.384021 0.200772 0.283505
0 0.256757 0.595361 0.204633 0.231959
0 0.096525 0.713918 0.169884 0.242268
0 0.449807 0.690722 0.227799 0.268041
0 0.268340 0.829897 0.227799 0.257732
0 0.422780 0.932990 0.227799 0.113402
0 0.772201 0.788660 0.239382 0.268041
0 0.633205 0.729381 0.216216 0.262887
0 0.685328 0.497423 0.258687 0.314433
0 0.911197 0.502577 0.177606 0.190722
0 0.918919 0.278351 0.162162 0.226804
0 0.650579 0.198454 0.196911 0.190722
0 0.366795 0.399485 0.154440 0.262887
0 0.490347 0.301546 0.193050 0.242268
0 0.399614 0.172680 0.173745 0.221649
0 0.498069 0.095361 0.169884 0.180412
0 0.247104 0.077320 0.169884 0.144330
0 0.862934 0.097938 0.204633 0.185567
