0 0.117761 0.590206 0.212355 0.180412
0 0.225869 0.744845 0.258687 0.211340
0 0.108108 0.914948 0.193050 0.170103
0 0.374517 0.896907 0.293436 0.195876
0 0.513514 0.765464 0.254826 0.231959
0 0.654440 0.914948 0.266409 0.170103
0 0.777992 0.762887 0.250965 0.216495
0 0.891892 0.886598 0.216216 0.195876
0 0.065637 0.404639 0.123552 0.159794
0 0.260618 0.417526 0.243243 0.195876
0 0.386100 0.556701 0.239382 0.144330
0 0.884170 0.564433 0.223938 0.180412
0 0.138996 0.309278 0.239382 0.185567
0 0.374517 0.306701 0.208494 0.149485
0 0.498069 0.394330 0.231660 0.149485
0 0.739382 0.389175 0.258687 0.159794
0 0.851351 0.288660 0.235521 0.164948
0 0.617761 0.286082 0.216216 0.128866
0 0.073359 0.154639 0.138996 0.134021
0 0.268340 0.177835 0.220077 0.149485
0 0.490347 0.157216 0.223938 0.170103
0 0.712355 0.157216 0.204633 0.118557
0 0.918919 0.159794 0.162162 0.123711
0 0.181467 0.064433 0.200772 0.097938
0 0.399614 0.064433 0.196911 0.108247
0 0.613900 0.061856 0.193050 0.092784
0 0.818533 0.051546 0.200772 0.082474
1 0.623552 0.561856 0.243243 0.195876
