0 0.242701 0.516304 0.200730 0.271739
0 0.395985 0.355978 0.178832 0.255435
0 0.158759 0.785326 0.229927 0.266304
0 0.379562 0.741848 0.211679 0.233696
0 0.470803 0.619565 0.182482 0.217391
0 0.281022 0.195652 0.240876 0.260870
0 0.091241 0.206522 0.153285 0.250000
0 0.669708 0.228261 0.156934 0.217391
0 0.509124 0.168478 0.164234 0.217391
0 0.843066 0.217391 0.182482 0.271739
0 0.848540 0.500000 0.215328 0.250000
0 0.631387 0.779891 0.175182 0.222826
0 0.468978 0.880435 0.229927 0.206522
0 0.901460 0.817935 0.175182 0.277174
1 0.572993 0.413043 0.175182 0.282609
